   1.2751000e+04
   8.7670000e+03
   7.0050000e+03
   5.2570000e+03
   4.1890000e+03
   3.2360000e+03
   2.8170000e+03
   2.5270000e+03
   2.4060000e+03
   1.9610000e+03
   2.4780000e+03
   4.4830000e+03
   7.0020000e+03
   1.1917000e+04
   1.5929000e+04
   2.0327000e+04
   2.0974000e+04
   2.0999000e+04
   1.9639000e+04
   1.9221000e+04
   1.7308000e+04
   1.7140000e+04
   1.6773000e+04
   1.9397000e+04
   1.8697000e+04
   1.8042000e+04
   1.7332000e+04
   1.7585000e+04
   1.8263000e+04
   1.8842000e+04
   1.8583000e+04
   1.7301000e+04
   1.5060000e+04
   1.4201000e+04
   1.6655000e+04
   1.9964000e+04
   2.2960000e+04
   2.3759000e+04
   2.5024000e+04
   2.5414000e+04
   2.4917000e+04
   2.4348000e+04
   2.4248000e+04
   2.4669000e+04
   2.3132000e+04
   2.2753000e+04
   2.0371000e+04
   1.7313000e+04
   1.3534000e+04
   1.0485000e+04
   7.9440000e+03
   6.0300000e+03
   4.8670000e+03
   3.8120000e+03
   3.2510000e+03
   2.7380000e+03
   2.7550000e+03
   2.2210000e+03
   2.3630000e+03
   4.3510000e+03
   6.8350000e+03
   1.1982000e+04
   1.5844000e+04
   1.9853000e+04
   2.0187000e+04
   2.0480000e+04
   1.9531000e+04
   1.8873000e+04
   1.7534000e+04
   1.7803000e+04
   1.6994000e+04
   1.8149000e+04
   1.8251000e+04
   1.7723000e+04
   1.7104000e+04
   1.8124000e+04
   1.8680000e+04
   1.9364000e+04
   1.9044000e+04
   1.6883000e+04
   1.4389000e+04
   1.3866000e+04
   1.7005000e+04
   2.0674000e+04
   2.2678000e+04
   2.3225000e+04
   2.5012000e+04
   2.5574000e+04
   2.5301000e+04
   2.5391000e+04
   2.5520000e+04
   2.5582000e+04
   2.4848000e+04
   2.4100000e+04
   2.3336000e+04
   2.1549000e+04
   1.8003000e+04
   1.5266000e+04
   1.2130000e+04
   9.8470000e+03
   8.0220000e+03
   6.5080000e+03
   5.3090000e+03
   4.3390000e+03
   4.2020000e+03
   3.3580000e+03
   3.0830000e+03
   4.3910000e+03
   6.7690000e+03
   1.1309000e+04
   1.4866000e+04
   1.8942000e+04
   1.9693000e+04
   1.9776000e+04
   1.9309000e+04
   1.8801000e+04
   1.7108000e+04
   1.6952000e+04
   1.7108000e+04
   1.7927000e+04
   1.8426000e+04
   1.7340000e+04
   1.7150000e+04
   1.7581000e+04
   1.8924000e+04
   1.9602000e+04
   1.8893000e+04
   1.6691000e+04
   1.5332000e+04
   1.4661000e+04
   1.8110000e+04
   2.2624000e+04
   2.5209000e+04
   2.4975000e+04
   2.6477000e+04
   2.7165000e+04
   2.5960000e+04
   2.5435000e+04
   2.4847000e+04
   2.5174000e+04
   2.5419000e+04
   2.5904000e+04
   2.4543000e+04
   2.4513000e+04
   2.3316000e+04
   2.2311000e+04
   2.0470000e+04
   1.8629000e+04
   1.7120000e+04
   1.5544000e+04
   1.4012000e+04
   1.1425000e+04
   9.5410000e+03
   5.9120000e+03
   3.8320000e+03
   3.2300000e+03
   3.4250000e+03
   4.1590000e+03
   4.7200000e+03
   5.8480000e+03
   6.9010000e+03
   9.6110000e+03
   1.1626000e+04
   1.4814000e+04
   1.6839000e+04
   1.8245000e+04
   1.8230000e+04
   1.8322000e+04
   1.8541000e+04
   1.8062000e+04
   1.8008000e+04
   1.8784000e+04
   1.7708000e+04
   1.7998000e+04
   1.8033000e+04
   1.7851000e+04
   1.7046000e+04
   1.7241000e+04
   1.9295000e+04
   2.1740000e+04
   2.2729000e+04
   2.3854000e+04
   2.5857000e+04
   2.6490000e+04
   2.4115000e+04
   2.3384000e+04
   2.3515000e+04
   2.4476000e+04
   2.4455000e+04
   2.5474000e+04
   2.5811000e+04
   2.5847000e+04
   2.5224000e+04
   2.3248000e+04
   2.2772000e+04
   2.0671000e+04
   1.9208000e+04
   1.7300000e+04
   1.5260000e+04
   1.2970000e+04
   1.1168000e+04
   6.6780000e+03
   4.3210000e+03
   3.2590000e+03
   3.2770000e+03
   4.0720000e+03
   4.5660000e+03
   5.9730000e+03
   7.2090000e+03
   8.9990000e+03
   1.0669000e+04
   1.2678000e+04
   1.4511000e+04
   1.6953000e+04
   1.7817000e+04
   1.8894000e+04
   1.8505000e+04
   1.9227000e+04
   1.8361000e+04
   1.8014000e+04
   1.7486000e+04
   1.7816000e+04
   1.7364000e+04
   1.6871000e+04
   1.5497000e+04
   1.5185000e+04
   1.6114000e+04
   1.8312000e+04
   1.9793000e+04
   1.9706000e+04
   2.0198000e+04
   1.9790000e+04
   1.8192000e+04
   1.7701000e+04
   1.6484000e+04
   1.6626000e+04
   1.4889000e+04
   1.4114000e+04
   1.1870000e+04
   1.0041000e+04
   7.9970000e+03
   5.6890000e+03
   4.3510000e+03
   3.3480000e+03
   2.8090000e+03
   2.1930000e+03
   1.7520000e+03
   1.7310000e+03
   1.9940000e+03
   2.1780000e+03
   2.7870000e+03
   4.5780000e+03
   6.8160000e+03
   1.1243000e+04
   1.4265000e+04
   1.7395000e+04
   1.8327000e+04
   1.7729000e+04
   1.7870000e+04
   1.6982000e+04
   1.5335000e+04
   1.5998000e+04
   1.5414000e+04
   1.6233000e+04
   1.6499000e+04
   1.6380000e+04
   1.5414000e+04
   1.6720000e+04
   1.7137000e+04
   1.8046000e+04
   1.8110000e+04
   1.7087000e+04
   1.5794000e+04
   1.5965000e+04
   1.8732000e+04
   2.1107000e+04
   2.3450000e+04
   2.4200000e+04
   2.4518000e+04
   2.3704000e+04
   2.2112000e+04
   2.0986000e+04
   2.1032000e+04
   1.9963000e+04
   1.8986000e+04
   1.7125000e+04
   1.5528000e+04
   1.1610000e+04
   9.4690000e+03
   6.6050000e+03
   5.2830000e+03
   4.1520000e+03
   3.3190000e+03
   2.4320000e+03
   1.9680000e+03
   1.7690000e+03
   2.0180000e+03
   1.9330000e+03
   2.2400000e+03
   4.3050000e+03
   6.7190000e+03
   1.1392000e+04
   1.4960000e+04
   1.8975000e+04
   1.9602000e+04
   1.9572000e+04
   1.8772000e+04
   1.7757000e+04
   1.6706000e+04
   1.6601000e+04
   1.5673000e+04
   1.6929000e+04
   1.7435000e+04
   1.6953000e+04
   1.6417000e+04
   1.7022000e+04
   1.7540000e+04
   1.8417000e+04
   1.8698000e+04
   1.6193000e+04
   1.4544000e+04
   1.3864000e+04
   1.7041000e+04
   2.0434000e+04
   2.3029000e+04
   2.3711000e+04
   2.4817000e+04
   2.4933000e+04
   2.4002000e+04
   2.3651000e+04
   2.3764000e+04
   2.3224000e+04
   2.2020000e+04
   2.2214000e+04
   2.1446000e+04
   1.5974000e+04
   1.2484000e+04
   9.1300000e+03
   6.6930000e+03
   5.3330000e+03
   3.8200000e+03
   3.0650000e+03
   2.5110000e+03
   2.2990000e+03
   2.3180000e+03
   2.1250000e+03
   2.4840000e+03
   4.3580000e+03
   6.7900000e+03
   1.1660000e+04
   1.5780000e+04
   1.9516000e+04
   2.0307000e+04
   1.9954000e+04
   1.8254000e+04
   1.8010000e+04
   1.7206000e+04
   1.7213000e+04
   1.6691000e+04
   1.8259000e+04
   1.8151000e+04
   1.7555000e+04
   1.6944000e+04
   1.7728000e+04
   1.8074000e+04
   1.8993000e+04
   1.8695000e+04
   1.7191000e+04
   1.5023000e+04
   1.4164000e+04
   1.7004000e+04
   2.0361000e+04
   2.3633000e+04
   2.4661000e+04
   2.5754000e+04
   2.5671000e+04
   2.5156000e+04
   2.4961000e+04
   2.4938000e+04
   2.4851000e+04
   2.4683000e+04
   2.3411000e+04
   2.0599000e+04
   1.7147000e+04
   1.3602000e+04
   1.0452000e+04
   7.8360000e+03
   6.0400000e+03
   4.9810000e+03
   3.6130000e+03
   2.9230000e+03
   2.6320000e+03
   2.9120000e+03
   2.5770000e+03
   2.9210000e+03
   4.6790000e+03
   6.6930000e+03
   1.2140000e+04
   1.5534000e+04
   1.9974000e+04
   2.0533000e+04
   1.9988000e+04
   1.9239000e+04
   1.8788000e+04
   1.7934000e+04
   1.8048000e+04
   1.7415000e+04
   1.8292000e+04
   1.8506000e+04
   1.8180000e+04
   1.7401000e+04
   1.8973000e+04
   1.9361000e+04
   1.9722000e+04
   1.9572000e+04
   1.7500000e+04
   1.5213000e+04
   1.4457000e+04
   1.7736000e+04
   2.1319000e+04
   2.3270000e+04
   2.4892000e+04
   2.6555000e+04
   2.6743000e+04
   2.6376000e+04
   2.6311000e+04
   2.6179000e+04
   2.6774000e+04
   2.6449000e+04
   2.5459000e+04
   2.3927000e+04
   2.1851000e+04
   1.8756000e+04
   1.4990000e+04
   1.3865000e+04
   1.0263000e+04
   7.8730000e+03
   6.4800000e+03
   5.0940000e+03
   4.2170000e+03
   4.2890000e+03
   3.6400000e+03
   3.3760000e+03
   5.1450000e+03
   7.1440000e+03
   1.1739000e+04
   1.5197000e+04
   1.9716000e+04
   2.0851000e+04
   2.0463000e+04
   1.9658000e+04
   1.9287000e+04
   1.7986000e+04
   1.7776000e+04
   1.7735000e+04
   1.8716000e+04
   1.9032000e+04
   1.7702000e+04
   1.7023000e+04
   1.8352000e+04
   1.9791000e+04
   2.0131000e+04
   1.8645000e+04
   1.6572000e+04
   1.4736000e+04
   1.3731000e+04
   1.7166000e+04
   2.0392000e+04
   2.2838000e+04
   2.3791000e+04
   2.5914000e+04
   2.6355000e+04
   2.5656000e+04
   2.5449000e+04
   2.5448000e+04
   2.5823000e+04
   2.5813000e+04
   2.6407000e+04
   2.6898000e+04
   2.6587000e+04
   2.5257000e+04
   2.3717000e+04
   2.2541000e+04
   1.9773000e+04
   1.9652000e+04
   1.6294000e+04
   1.3968000e+04
   1.2000000e+04
   1.0432000e+04
   6.4020000e+03
   4.4430000e+03
   3.4810000e+03
   3.9710000e+03
   5.1910000e+03
   6.4340000e+03
   8.4350000e+03
   1.0255000e+04
   1.3847000e+04
   1.4970000e+04
   1.8403000e+04
   1.9338000e+04
   2.1107000e+04
   2.0821000e+04
   2.1854000e+04
   2.1813000e+04
   2.2250000e+04
   2.1450000e+04
   2.1271000e+04
   2.0595000e+04
   2.0863000e+04
   2.0262000e+04
   2.1024000e+04
   1.9141000e+04
   1.7903000e+04
   1.9903000e+04
   2.2820000e+04
   2.4243000e+04
   2.5880000e+04
   2.6756000e+04
   2.6593000e+04
   2.5248000e+04
   2.3934000e+04
   2.3401000e+04
   2.4145000e+04
   2.5308000e+04
   2.6284000e+04
   2.7136000e+04
   2.7099000e+04
   2.6610000e+04
   2.5400000e+04
   2.3992000e+04
   2.2359000e+04
   2.1054000e+04
   1.8812000e+04
   1.6584000e+04
   1.4204000e+04
   1.1990000e+04
   7.0920000e+03
   4.3110000e+03
   3.8440000e+03
   3.7960000e+03
   4.7550000e+03
   4.4910000e+03
   5.5590000e+03
   6.9590000e+03
   9.1270000e+03
   1.1015000e+04
   1.3961000e+04
   1.5445000e+04
   1.7923000e+04
   1.8438000e+04
   1.9592000e+04
   1.9733000e+04
   1.9766000e+04
   1.9809000e+04
   1.9242000e+04
   1.8990000e+04
   1.8676000e+04
   1.8037000e+04
   1.6660000e+04
   1.5948000e+04
   1.5261000e+04
   1.7141000e+04
   1.9085000e+04
   2.0188000e+04
   2.0512000e+04
   2.0723000e+04
   2.0415000e+04
   1.9483000e+04
   1.9008000e+04
   1.7958000e+04
   1.8341000e+04
   1.8181000e+04
   1.7069000e+04
   1.5057000e+04
   1.3867000e+04
   1.1544000e+04
   9.0160000e+03
   6.7390000e+03
   5.4200000e+03
   4.5840000e+03
   3.7870000e+03
   3.0180000e+03
   2.6670000e+03
   2.9810000e+03
   2.7560000e+03
   2.7120000e+03
   3.7980000e+03
   5.1170000e+03
   7.7270000e+03
   9.6550000e+03
   1.2109000e+04
   1.3484000e+04
   1.5506000e+04
   1.5325000e+04
   1.5924000e+04
   1.4830000e+04
   1.4907000e+04
   1.4796000e+04
   1.5699000e+04
   1.5705000e+04
   1.5880000e+04
   1.5693000e+04
   1.6643000e+04
   1.6929000e+04
   1.7698000e+04
   1.7429000e+04
   1.7248000e+04
   1.6219000e+04
   1.5918000e+04
   1.7780000e+04
   1.9414000e+04
   2.1594000e+04
   2.4915000e+04
   2.4556000e+04
   2.2341000e+04
   2.2343000e+04
   2.1619000e+04
   2.1315000e+04
   1.9821000e+04
   1.7669000e+04
   1.5504000e+04
   1.4525000e+04
   1.0738000e+04
   8.9080000e+03
   6.5930000e+03
   5.5600000e+03
   4.0140000e+03
   3.0460000e+03
   2.3490000e+03
   1.8760000e+03
   1.6910000e+03
   1.9410000e+03
   1.8500000e+03
   2.3180000e+03
   4.3370000e+03
   6.6690000e+03
   1.1585000e+04
   1.5170000e+04
   1.9136000e+04
   2.0085000e+04
   1.9758000e+04
   1.8842000e+04
   1.8530000e+04
   1.6617000e+04
   1.7458000e+04
   1.6359000e+04
   1.7483000e+04
   1.7600000e+04
   1.7552000e+04
   1.7058000e+04
   1.7658000e+04
   1.8319000e+04
   1.8818000e+04
   1.8735000e+04
   1.7254000e+04
   1.5022000e+04
   1.4365000e+04
   1.6300000e+04
   1.9687000e+04
   2.2620000e+04
   2.3309000e+04
   2.3636000e+04
   2.3752000e+04
   2.3095000e+04
   2.3108000e+04
   2.3221000e+04
   2.3581000e+04
   2.2249000e+04
   1.9533000e+04
   1.7226000e+04
   1.3935000e+04
   1.1429000e+04
   8.4860000e+03
   6.4840000e+03
   5.0930000e+03
   4.0180000e+03
   3.2180000e+03
   2.5360000e+03
   2.2190000e+03
   2.1710000e+03
   2.2680000e+03
   2.4370000e+03
   4.5690000e+03
   6.8620000e+03
   1.1924000e+04
   1.5860000e+04
   1.9821000e+04
   2.0508000e+04
   2.0540000e+04
   1.9590000e+04
   1.8480000e+04
   1.7330000e+04
   1.8508000e+04
   1.7354000e+04
   1.8552000e+04
   1.8241000e+04
   1.8475000e+04
   1.7939000e+04
   1.8398000e+04
   1.8875000e+04
   1.9559000e+04
   1.9133000e+04
   1.6816000e+04
   1.4757000e+04
   1.4470000e+04
   1.7800000e+04
   2.1127000e+04
   2.2269000e+04
   2.2819000e+04
   2.3582000e+04
   2.6273000e+04
   2.5338000e+04
   2.4021000e+04
   2.6163000e+04
   2.3839000e+04
   2.2608000e+04
   2.4886000e+04
   2.0128000e+04
   1.6180000e+04
   1.3302000e+04
   1.0509000e+04
   8.2410000e+03
   5.5360000e+03
   4.6640000e+03
   3.4600000e+03
   2.7990000e+03
   2.7300000e+03
   2.8010000e+03
   2.5110000e+03
   2.6700000e+03
   4.7670000e+03
   7.0960000e+03
   1.2556000e+04
   1.6431000e+04
   2.1581000e+04
   2.1355000e+04
   2.1573000e+04
   2.0390000e+04
   2.0452000e+04
   1.9678000e+04
   1.8801000e+04
   1.7223000e+04
   1.8249000e+04
   1.7691000e+04
   1.7052000e+04
   1.6783000e+04
   1.8392000e+04
   1.8593000e+04
   1.9364000e+04
   1.9176000e+04
   1.6795000e+04
   1.5293000e+04
   1.4922000e+04
   1.7899000e+04
   2.1758000e+04
   2.4169000e+04
   2.4615000e+04
   2.6370000e+04
   2.6990000e+04
   2.6168000e+04
   2.5449000e+04
   2.5994000e+04
   2.7115000e+04
   2.6191000e+04
   2.5146000e+04
   2.4371000e+04
   2.3771000e+04
   1.9268000e+04
   1.5623000e+04
   1.2595000e+04
   1.0224000e+04
   7.9410000e+03
   6.6780000e+03
   5.1820000e+03
   4.5020000e+03
   4.3160000e+03
   3.5120000e+03
   3.1740000e+03
   4.7710000e+03
   6.5570000e+03
   1.1929000e+04
   1.4950000e+04
   1.9835000e+04
   2.0149000e+04
   1.9998000e+04
   1.9310000e+04
   1.8601000e+04
   1.7567000e+04
   1.7890000e+04
   1.7470000e+04
   1.8557000e+04
   1.8944000e+04
   1.7922000e+04
   1.7627000e+04
   1.8361000e+04
   1.9557000e+04
   1.9811000e+04
   1.9277000e+04
   1.6741000e+04
   1.4948000e+04
   1.4244000e+04
   1.7563000e+04
   2.1246000e+04
   2.3115000e+04
   2.4785000e+04
   2.6396000e+04
   2.6837000e+04
   2.6621000e+04
   2.6144000e+04
   2.6019000e+04
   2.6816000e+04
   2.6701000e+04
   2.6519000e+04
   2.6740000e+04
   2.6173000e+04
   2.5059000e+04
   2.4437000e+04
   2.2718000e+04
   2.0700000e+04
   1.9623000e+04
   1.6675000e+04
   1.4447000e+04
   1.2377000e+04
   1.0609000e+04
   6.4360000e+03
   4.5620000e+03
   3.7830000e+03
   3.9230000e+03
   5.0600000e+03
   5.9920000e+03
   8.6390000e+03
   1.0309000e+04
   1.3563000e+04
   1.4136000e+04
   1.6945000e+04
   1.7004000e+04
   1.9045000e+04
   1.9859000e+04
   2.1198000e+04
   2.1550000e+04
   2.1583000e+04
   2.1455000e+04
   2.1869000e+04
   2.1426000e+04
   2.1650000e+04
   2.1611000e+04
   2.0904000e+04
   1.8820000e+04
   1.7255000e+04
   1.9029000e+04
   2.2812000e+04
   2.4455000e+04
   2.6373000e+04
   2.7460000e+04
   2.7222000e+04
   2.5204000e+04
   2.4329000e+04
   2.4526000e+04
   2.5203000e+04
   2.5975000e+04
   2.7073000e+04
   2.7881000e+04
   2.8626000e+04
   2.8093000e+04
   2.6200000e+04
   2.5610000e+04
   2.3483000e+04
   2.1850000e+04
   1.9297000e+04
   1.6574000e+04
   1.4355000e+04
   1.2112000e+04
   7.2840000e+03
   4.8450000e+03
   3.6670000e+03
   3.7180000e+03
   4.5730000e+03
   5.1670000e+03
   6.8440000e+03
   7.2790000e+03
   9.7610000e+03
   1.1712000e+04
   1.4210000e+04
   1.5394000e+04
   1.8387000e+04
   1.9168000e+04
   2.0891000e+04
   2.1806000e+04
   2.2188000e+04
   2.2153000e+04
   2.1713000e+04
   2.1838000e+04
   2.1082000e+04
   2.0448000e+04
   2.0113000e+04
   1.8645000e+04
   1.7210000e+04
   1.8326000e+04
   2.0498000e+04
   2.0924000e+04
   2.1579000e+04
   2.2026000e+04
   2.2197000e+04
   1.9709000e+04
   1.8780000e+04
   1.8060000e+04
   1.7973000e+04
   1.6572000e+04
   1.4957000e+04
   1.2461000e+04
   1.0448000e+04
   8.2950000e+03
   6.8370000e+03
   4.7470000e+03
   3.2830000e+03
   2.9040000e+03
   2.3450000e+03
   1.9170000e+03
   1.7830000e+03
   2.1740000e+03
   2.1570000e+03
   2.9890000e+03
   4.8410000e+03
   7.2280000e+03
   1.1726000e+04
   1.4557000e+04
   1.7848000e+04
   1.8436000e+04
   1.8059000e+04
   1.8028000e+04
   1.7353000e+04
   1.6350000e+04
   1.6376000e+04
   1.6099000e+04
   1.6817000e+04
   1.6898000e+04
   1.6809000e+04
   1.6199000e+04
   1.6758000e+04
   1.7679000e+04
   1.8148000e+04
   1.8644000e+04
   1.7183000e+04
   1.6196000e+04
   1.5534000e+04
   1.8451000e+04
   2.0950000e+04
   2.3192000e+04
   2.4655000e+04
   2.4094000e+04
   2.3285000e+04
   2.2083000e+04
   2.1485000e+04
   2.1579000e+04
   2.1118000e+04
   2.0204000e+04
   1.6909000e+04
   1.3785000e+04
   1.1695000e+04
   9.2140000e+03
   6.9310000e+03
   5.4130000e+03
   4.1300000e+03
   3.2760000e+03
   2.4750000e+03
   2.0800000e+03
   1.9170000e+03
   2.1230000e+03
   1.9840000e+03
   2.4580000e+03
   4.3380000e+03
   6.4700000e+03
   1.1775000e+04
   1.5088000e+04
   1.9429000e+04
   2.0482000e+04
   1.9886000e+04
   1.9170000e+04
   1.8277000e+04
   1.7064000e+04
   1.6386000e+04
   1.6633000e+04
   1.7681000e+04
   1.8233000e+04
   1.7996000e+04
   1.6695000e+04
   1.6912000e+04
   1.8124000e+04
   1.8411000e+04
   1.9013000e+04
   1.7590000e+04
   1.5673000e+04
   1.4923000e+04
   1.7981000e+04
   2.1208000e+04
   2.3458000e+04
   2.4028000e+04
   2.4934000e+04
   2.5135000e+04
   2.4613000e+04
   2.4617000e+04
   2.5841000e+04
   2.4141000e+04
   2.3069000e+04
   2.1243000e+04
   1.8077000e+04
   1.5745000e+04
   1.2115000e+04
   9.0350000e+03
   7.0150000e+03
   5.1130000e+03
   4.2200000e+03
   3.3310000e+03
   2.8700000e+03
   2.5160000e+03
   2.6560000e+03
   2.3360000e+03
   2.4940000e+03
   5.0810000e+03
   8.0910000e+03
   1.3037000e+04
   1.6579000e+04
   1.9657000e+04
   2.0914000e+04
   2.0612000e+04
   2.0015000e+04
   1.9001000e+04
   1.7533000e+04
   1.7877000e+04
   1.6470000e+04
   1.8266000e+04
   1.7992000e+04
   1.7419000e+04
   1.6775000e+04
   1.7378000e+04
   1.8067000e+04
   1.9841000e+04
   1.8552000e+04
   1.6825000e+04
   1.4712000e+04
   1.4439000e+04
   1.7305000e+04
   2.0949000e+04
   2.2182000e+04
   2.3886000e+04
   2.5234000e+04
   2.4731000e+04
   2.5195000e+04
   2.5551000e+04
   2.6110000e+04
   2.4842000e+04
   2.3178000e+04
   2.3408000e+04
   2.1749000e+04
   1.7918000e+04
   1.3496000e+04
   1.0416000e+04
   8.0900000e+03
   5.9460000e+03
   4.3300000e+03
   3.2820000e+03
   2.7320000e+03
   2.5240000e+03
   2.7000000e+03
   2.2900000e+03
   2.7430000e+03
   4.7320000e+03
   7.5700000e+03
   1.2751000e+04
   1.6887000e+04
   2.0268000e+04
   2.1992000e+04
   2.1301000e+04
   2.0526000e+04
   1.9251000e+04
   1.8228000e+04
   1.8603000e+04
   1.8762000e+04
   1.9645000e+04
   2.0453000e+04
   1.9400000e+04
   1.8448000e+04
   1.8199000e+04
   1.8845000e+04
   1.8973000e+04
   1.7968000e+04
   1.5112000e+04
   1.3580000e+04
   1.2751000e+04
   1.5901000e+04
   1.9774000e+04
   2.1960000e+04
   2.3790000e+04
   2.4998000e+04
   2.5414000e+04
   2.6075000e+04
   2.5616000e+04
   2.5916000e+04
   2.5589000e+04
   2.5041000e+04
   2.4891000e+04
   2.3888000e+04
   2.2464000e+04
   1.9061000e+04
   1.6689000e+04
   1.3006000e+04
   9.5120000e+03
   7.7450000e+03
   6.0370000e+03
   5.1940000e+03
   4.4190000e+03
   4.2670000e+03
   3.3660000e+03
   3.0960000e+03
   4.5320000e+03
   6.8770000e+03
   1.1826000e+04
   1.5333000e+04
   1.9013000e+04
   2.0131000e+04
   1.9779000e+04
   1.9227000e+04
   1.8824000e+04
   1.7705000e+04
   1.8111000e+04
   1.7408000e+04
   1.8509000e+04
   1.8510000e+04
   1.7910000e+04
   1.7690000e+04
   1.8149000e+04
   1.9632000e+04
   1.9426000e+04
   1.8760000e+04
   1.6379000e+04
   1.5083000e+04
   1.4553000e+04
   1.7509000e+04
   2.0911000e+04
   2.2958000e+04
   2.5257000e+04
   2.6659000e+04
   2.7104000e+04
   2.6439000e+04
   2.5840000e+04
   2.5694000e+04
   2.6093000e+04
   2.6821000e+04
   2.6870000e+04
   2.6889000e+04
   2.7283000e+04
   2.5739000e+04
   2.3889000e+04
   2.2278000e+04
   2.0337000e+04
   1.9179000e+04
   1.6566000e+04
   1.4146000e+04
   1.2015000e+04
   1.0285000e+04
   6.3160000e+03
   4.1060000e+03
   3.4650000e+03
   3.6570000e+03
   4.7560000e+03
   6.0030000e+03
   7.8530000e+03
   9.0910000e+03
   1.2209000e+04
   1.3433000e+04
   1.6768000e+04
   1.6390000e+04
   1.8666000e+04
   1.9740000e+04
   2.1266000e+04
   2.1452000e+04
   2.1613000e+04
   2.1773000e+04
   2.1440000e+04
   2.0362000e+04
   2.0601000e+04
   2.0989000e+04
   2.0210000e+04
   1.8243000e+04
   1.6875000e+04
   1.9078000e+04
   2.2244000e+04
   2.3703000e+04
   2.5544000e+04
   2.7125000e+04
   2.6539000e+04
   2.4964000e+04
   2.3665000e+04
   2.3200000e+04
   2.4238000e+04
   2.5202000e+04
   2.6140000e+04
   2.7417000e+04
   2.7692000e+04
   2.6866000e+04
   2.6254000e+04
   2.4482000e+04
   2.2425000e+04
   2.0865000e+04
   1.8801000e+04
   1.6066000e+04
   1.4093000e+04
   1.1863000e+04
   7.1940000e+03
   4.6610000e+03
   3.6560000e+03
   3.7800000e+03
   4.1160000e+03
   4.5300000e+03
   6.2870000e+03
   7.3180000e+03
   9.2600000e+03
   1.0911000e+04
   1.4136000e+04
   1.5466000e+04
   1.8611000e+04
   1.8437000e+04
   2.0375000e+04
   2.0658000e+04
   2.1283000e+04
   2.0200000e+04
   2.0135000e+04
   2.0306000e+04
   2.0404000e+04
   1.9931000e+04
   1.9772000e+04
   1.8406000e+04
   1.6957000e+04
   1.7972000e+04
   1.9563000e+04
   2.0106000e+04
   2.0449000e+04
   1.9860000e+04
   1.9343000e+04
   1.8128000e+04
   1.7298000e+04
   1.6004000e+04
   1.6422000e+04
   1.4618000e+04
   1.3017000e+04
   1.1532000e+04
   1.0089000e+04
   8.3260000e+03
   6.5790000e+03
   4.3850000e+03
   3.4700000e+03
   2.8540000e+03
   2.1280000e+03
   1.7850000e+03
   1.7070000e+03
   2.1380000e+03
   2.4060000e+03
   2.8470000e+03
   4.9510000e+03
   7.0940000e+03
   1.1090000e+04
   1.4205000e+04
   1.7506000e+04
   1.8105000e+04
   1.7656000e+04
   1.7751000e+04
   1.7096000e+04
   1.5784000e+04
   1.6086000e+04
   1.4843000e+04
   1.6446000e+04
   1.6614000e+04
   1.6155000e+04
   1.5502000e+04
   1.6293000e+04
   1.6885000e+04
   1.7759000e+04
   1.8533000e+04
   1.7617000e+04
   1.6279000e+04
   1.5551000e+04
   1.8199000e+04
   2.0618000e+04
   2.2703000e+04
   2.3897000e+04
   2.4329000e+04
   2.3182000e+04
   2.1778000e+04
   2.1251000e+04
   2.1189000e+04
   2.0884000e+04
   1.9670000e+04
   1.8163000e+04
   1.5613000e+04
   1.3371000e+04
   1.0910000e+04
   7.6380000e+03
   5.5890000e+03
   4.2150000e+03
   3.3860000e+03
   2.7530000e+03
   2.1810000e+03
   2.0340000e+03
   2.0940000e+03
   1.8960000e+03
   2.6320000e+03
   4.5810000e+03
   6.6120000e+03
   1.1609000e+04
   1.5127000e+04
   1.9097000e+04
   1.9516000e+04
   1.9422000e+04
   1.8088000e+04
   1.7669000e+04
   1.6744000e+04
   1.7075000e+04
   1.6035000e+04
   1.7421000e+04
   1.7756000e+04
   1.7057000e+04
   1.6101000e+04
   1.7443000e+04
   1.7890000e+04
   1.8651000e+04
   1.8762000e+04
   1.7135000e+04
   1.5175000e+04
   1.3958000e+04
   1.6881000e+04
   1.9615000e+04
   2.2196000e+04
   2.2906000e+04
   2.3482000e+04
   2.3088000e+04
   2.3728000e+04
   2.3210000e+04
   2.3685000e+04
   2.3843000e+04
   2.2597000e+04
   2.0923000e+04
   1.9229000e+04
   1.5963000e+04
   1.2292000e+04
   9.1900000e+03
   6.8640000e+03
   5.6930000e+03
   4.4990000e+03
   3.3040000e+03
   2.5600000e+03
   2.4850000e+03
   2.5600000e+03
   2.2480000e+03
   2.3890000e+03
   4.3130000e+03
   6.6490000e+03
   1.1289000e+04
   1.5103000e+04
   1.9437000e+04
   1.9443000e+04
   1.9707000e+04
   1.8912000e+04
   1.8203000e+04
   1.6492000e+04
   1.6837000e+04
   1.6075000e+04
   1.7160000e+04
   1.7606000e+04
   1.7267000e+04
   1.6875000e+04
   1.7940000e+04
   1.8339000e+04
   1.8971000e+04
   1.9298000e+04
   1.6665000e+04
   1.5008000e+04
   1.3873000e+04
   1.7894000e+04
   2.1574000e+04
   2.2116000e+04
   2.3582000e+04
   2.5553000e+04
   2.5299000e+04
   2.4778000e+04
   2.4729000e+04
   2.4907000e+04
   2.4810000e+04
   2.4246000e+04
   2.3250000e+04
   2.0700000e+04
   1.8631000e+04
   1.4048000e+04
   1.0691000e+04
   8.3630000e+03
   6.4050000e+03
   5.2510000e+03
   3.7140000e+03
   3.2320000e+03
   3.0570000e+03
   3.0050000e+03
   2.5060000e+03
   2.8210000e+03
   5.2870000e+03
   7.4270000e+03
   1.2248000e+04
   1.5618000e+04
   1.9528000e+04
   1.9813000e+04
   1.9680000e+04
   1.9351000e+04
   1.8967000e+04
   1.7899000e+04
   1.7994000e+04
   1.7167000e+04
   1.8094000e+04
   1.8575000e+04
   1.8022000e+04
   1.7359000e+04
   1.8035000e+04
   1.8733000e+04
   1.9410000e+04
   1.8991000e+04
   1.6749000e+04
   1.4604000e+04
   1.3367000e+04
   1.6382000e+04
   1.9879000e+04
   2.1735000e+04
   2.3802000e+04
   2.4832000e+04
   2.4964000e+04
   2.5791000e+04
   2.5810000e+04
   2.5816000e+04
   2.5849000e+04
   2.4877000e+04
   2.5072000e+04
   2.4763000e+04
   2.2241000e+04
   1.9957000e+04
   1.6881000e+04
   1.3588000e+04
   1.0958000e+04
   9.1190000e+03
   7.5890000e+03
   6.2210000e+03
   4.9360000e+03
   4.7960000e+03
   3.5550000e+03
   3.3370000e+03
   4.6650000e+03
   7.0840000e+03
   1.1681000e+04
   1.4822000e+04
   1.9004000e+04
   2.0306000e+04
   2.0687000e+04
   1.9585000e+04
   1.8702000e+04
   1.8099000e+04
   1.8335000e+04
   1.7653000e+04
   1.8889000e+04
   1.9146000e+04
   1.8833000e+04
   1.8315000e+04
   1.8917000e+04
   2.0430000e+04
   2.0608000e+04
   1.9915000e+04
   1.6981000e+04
   1.5045000e+04
   1.3978000e+04
   1.6891000e+04
   2.0025000e+04
   2.1438000e+04
   2.3813000e+04
   2.5517000e+04
   2.5493000e+04
   2.5475000e+04
   2.6996000e+04
   2.7015000e+04
   2.7264000e+04
   2.6977000e+04
   2.6343000e+04
   2.6333000e+04
   2.6524000e+04
   2.5425000e+04
   2.4937000e+04
   2.4946000e+04
   2.3736000e+04
   2.3245000e+04
   2.1459000e+04
   1.9849000e+04
   1.7679000e+04
   1.5018000e+04
   1.0600000e+04
   7.7580000e+03
   5.9070000e+03
   5.7430000e+03
   6.2230000e+03
   6.3860000e+03
   9.0980000e+03
   9.8640000e+03
   1.2903000e+04
   1.4185000e+04
   1.8584000e+04
   1.9066000e+04
   2.2683000e+04
   2.3292000e+04
   2.4154000e+04
   2.5310000e+04
   2.6625000e+04
   2.5584000e+04
   2.5115000e+04
   2.3935000e+04
   2.3341000e+04
   2.3337000e+04
   2.2199000e+04
   2.0008000e+04
   1.8443000e+04
   2.0865000e+04
   2.3719000e+04
   2.5241000e+04
   2.7383000e+04
   2.8398000e+04
   2.7426000e+04
   2.6537000e+04
   2.5980000e+04
   2.4601000e+04
   2.4838000e+04
   2.6372000e+04
   2.6567000e+04
   2.5879000e+04
   2.6125000e+04
   2.5110000e+04
   2.3109000e+04
   3.9197000e+04
   3.5212000e+04
   1.3259000e+04
   1.2250000e+04
   1.0013000e+04
   7.8980000e+03
   6.3750000e+03
   4.5320000e+03
   5.1160000e+03
   5.2320000e+03
   4.5420000e+03
   5.2980000e+03
   5.1550000e+03
   6.0290000e+03
   6.2800000e+03
   8.7710000e+03
   1.0151000e+04
   1.2501000e+04
   1.3990000e+04
   1.6534000e+04
   1.7133000e+04
   1.8775000e+04
   1.8985000e+04
   1.9911000e+04
   1.9123000e+04
   1.9524000e+04
   1.9640000e+04
   1.8364000e+04
   1.7940000e+04
   1.7949000e+04
   1.7288000e+04
   1.6326000e+04
   1.7522000e+04
   1.9243000e+04
   2.0291000e+04
   2.1649000e+04
   2.2839000e+04
   2.1772000e+04
   2.0994000e+04
   1.9774000e+04
   1.8398000e+04
   1.7764000e+04
   1.7334000e+04
   1.5431000e+04
   1.2958000e+04
   1.0224000e+04
   8.7710000e+03
   6.0450000e+03
   4.4130000e+03
   3.2350000e+03
   2.6880000e+03
   1.9830000e+03
   1.7560000e+03
   1.6830000e+03
   2.1400000e+03
   2.2880000e+03
   2.9480000e+03
   4.8130000e+03
   8.0440000e+03
   1.2885000e+04
   1.4627000e+04
   1.8111000e+04
   1.8266000e+04
   1.8384000e+04
   1.8104000e+04
   1.7357000e+04
   1.6008000e+04
   1.6379000e+04
   1.5351000e+04
   1.6770000e+04
   1.6711000e+04
   1.7011000e+04
   1.6373000e+04
   1.7097000e+04
   1.7364000e+04
   1.8333000e+04
   1.8428000e+04
   1.6974000e+04
   1.6139000e+04
   1.5205000e+04
   1.7392000e+04
   2.0141000e+04
   2.2581000e+04
   2.3098000e+04
   2.3154000e+04
   2.2688000e+04
   2.2047000e+04
   2.1283000e+04
   2.1070000e+04
   1.9910000e+04
   2.0541000e+04
   1.8105000e+04
   1.4554000e+04
   1.2695000e+04
   1.0667000e+04
   8.4790000e+03
   6.0050000e+03
   3.8990000e+03
   3.1110000e+03
   2.5260000e+03
   2.1120000e+03
   1.8850000e+03
   1.9210000e+03
   2.2670000e+03
   2.4130000e+03
   4.4130000e+03
   7.1680000e+03
   1.2160000e+04
   1.4845000e+04
   1.8403000e+04
   1.8445000e+04
   1.9018000e+04
   1.8105000e+04
   1.7459000e+04
   1.6381000e+04
   1.6623000e+04
   1.6144000e+04
   1.7318000e+04
   1.7658000e+04
   1.7108000e+04
   1.6178000e+04
   1.7973000e+04
   1.8152000e+04
   1.8445000e+04
   1.8556000e+04
   1.6865000e+04
   1.4505000e+04
   1.3471000e+04
   1.5853000e+04
   1.8369000e+04
   2.0968000e+04
   2.2239000e+04
   2.2626000e+04
   2.2924000e+04
   2.2853000e+04
   2.2393000e+04
   2.3088000e+04
   2.2431000e+04
   2.2239000e+04
   1.9918000e+04
   1.7675000e+04
   1.4953000e+04
   1.2025000e+04
   8.7670000e+03
   6.6700000e+03
   5.1970000e+03
   4.2890000e+03
   3.1860000e+03
   2.7470000e+03
   2.2570000e+03
   2.3970000e+03
   2.2050000e+03
   2.6250000e+03
   4.4040000e+03
   7.0070000e+03
   1.2065000e+04
   1.5803000e+04
   1.9844000e+04
   1.9937000e+04
   2.0299000e+04
   1.9584000e+04
   1.9313000e+04
   1.6887000e+04
   1.7118000e+04
   1.6847000e+04
   1.8356000e+04
   1.8124000e+04
   1.7783000e+04
   1.7223000e+04
   1.7852000e+04
   1.8374000e+04
   1.8641000e+04
   1.8913000e+04
   1.6314000e+04
   1.3917000e+04
   1.3151000e+04
   1.6100000e+04
   1.9136000e+04
   2.1762000e+04
   2.2829000e+04
   2.3705000e+04
   2.3740000e+04
   2.3789000e+04
   2.3389000e+04
   2.4122000e+04
   2.4156000e+04
   2.3679000e+04
   2.2803000e+04
   2.0814000e+04
   1.7376000e+04
   1.3846000e+04
   1.0387000e+04
   8.3840000e+03
   6.4550000e+03
   5.0430000e+03
   3.7380000e+03
   3.1550000e+03
   2.7580000e+03
   3.1220000e+03
   2.6250000e+03
   2.7600000e+03
   4.9950000e+03
   8.0210000e+03
   1.3803000e+04
   1.7405000e+04
   2.0841000e+04
   2.1338000e+04
   2.1281000e+04
   2.0108000e+04
   2.0198000e+04
   1.9035000e+04
   1.9155000e+04
   1.7964000e+04
   1.8680000e+04
   1.8600000e+04
   1.7556000e+04
   1.7373000e+04
   1.7832000e+04
   1.8087000e+04
   1.8057000e+04
   1.7634000e+04
   1.5492000e+04
   1.3677000e+04
   1.2574000e+04
   1.5818000e+04
   1.9350000e+04
   2.1754000e+04
   2.3740000e+04
   2.4666000e+04
   2.5142000e+04
   2.5597000e+04
   2.5126000e+04
   2.5312000e+04
   2.6067000e+04
   2.5613000e+04
   2.3971000e+04
   2.2859000e+04
   2.1287000e+04
   1.8308000e+04
   1.4352000e+04
   1.1746000e+04
   9.0420000e+03
   7.3180000e+03
   6.0090000e+03
   5.3640000e+03
   4.3360000e+03
   4.0080000e+03
   3.2630000e+03
   3.1830000e+03
   4.8130000e+03
   7.5190000e+03
   1.2074000e+04
   1.5249000e+04
   1.9300000e+04
   1.9564000e+04
   1.9132000e+04
   1.8454000e+04
   1.7950000e+04
   1.7374000e+04
   1.7674000e+04
   1.7016000e+04
   1.8484000e+04
   1.8460000e+04
   1.7693000e+04
   1.8093000e+04
   1.9918000e+04
   1.9945000e+04
   1.9077000e+04
   1.8186000e+04
   1.6030000e+04
   1.4092000e+04
   1.3270000e+04
   1.5935000e+04
   1.9419000e+04
   2.1778000e+04
   2.4460000e+04
   2.6246000e+04
   2.7224000e+04
   2.6862000e+04
   2.7340000e+04
   2.7335000e+04
   2.6727000e+04
   2.7181000e+04
   2.7761000e+04
   2.7193000e+04
   2.6857000e+04
   2.5692000e+04
   2.4162000e+04
   2.2219000e+04
   2.0748000e+04
   1.9471000e+04
   1.6940000e+04
   1.4431000e+04
   1.1898000e+04
   1.0264000e+04
   5.9420000e+03
   4.0630000e+03
   3.4980000e+03
   3.7260000e+03
   5.2420000e+03
   5.6550000e+03
   8.1910000e+03
   9.3710000e+03
   1.3050000e+04
   1.3820000e+04
   1.7437000e+04
   1.7281000e+04
   1.9718000e+04
   1.9999000e+04
   2.2047000e+04
   2.2352000e+04
   2.2898000e+04
   2.2660000e+04
   2.3047000e+04
   2.1976000e+04
   2.2746000e+04
   2.2382000e+04
   2.1956000e+04
   1.8619000e+04
   1.5861000e+04
   1.8326000e+04
   2.2332000e+04
   2.5097000e+04
   2.7236000e+04
   2.7898000e+04
   2.6790000e+04
   2.5561000e+04
   2.4344000e+04
   2.3890000e+04
   2.4609000e+04
   2.6595000e+04
   2.7260000e+04
   2.7998000e+04
   2.7854000e+04
   2.6931000e+04
   2.5208000e+04
   2.3782000e+04
   2.2472000e+04
   2.1183000e+04
   1.8443000e+04
   1.6105000e+04
   1.3801000e+04
   1.1997000e+04
   7.1120000e+03
   4.6270000e+03
   3.6830000e+03
   3.5870000e+03
   4.1580000e+03
   4.3510000e+03
   5.8230000e+03
   6.8500000e+03
   9.8390000e+03
   1.1422000e+04
   1.4897000e+04
   1.5815000e+04
   1.8787000e+04
   1.8880000e+04
   1.9871000e+04
   2.0722000e+04
   2.1774000e+04
   2.1318000e+04
   2.0699000e+04
   2.0831000e+04
   2.0467000e+04
   2.0249000e+04
   2.0100000e+04
   1.8688000e+04
   1.7249000e+04
   1.8573000e+04
   1.9937000e+04
   2.0564000e+04
   2.0132000e+04
   1.9654000e+04
   1.8449000e+04
   1.7176000e+04
   1.7596000e+04
   1.6431000e+04
   1.5860000e+04
   1.5253000e+04
   1.3845000e+04
   1.1656000e+04
   9.8180000e+03
   7.8700000e+03
   6.0790000e+03
   4.6440000e+03
   3.5010000e+03
   2.9890000e+03
   2.2470000e+03
   1.8530000e+03
   1.7910000e+03
   2.1890000e+03
   2.3280000e+03
   2.8270000e+03
   4.7380000e+03
   6.8030000e+03
   1.1738000e+04
   1.4296000e+04
   1.7240000e+04
   1.7657000e+04
   1.7904000e+04
   1.7705000e+04
   1.6814000e+04
   1.5908000e+04
   1.5545000e+04
   1.5119000e+04
   1.6241000e+04
   1.6354000e+04
   1.6002000e+04
   1.5560000e+04
   1.6855000e+04
   1.7292000e+04
   1.7780000e+04
   1.8467000e+04
   1.7048000e+04
   1.5386000e+04
   1.5329000e+04
   1.7444000e+04
   1.9765000e+04
   2.2418000e+04
   2.2794000e+04
   2.3094000e+04
   2.2197000e+04
   2.1796000e+04
   2.0849000e+04
   2.1169000e+04
   2.0613000e+04
   2.0734000e+04
   1.7540000e+04
   1.5189000e+04
   1.2879000e+04
   1.0511000e+04
   7.5090000e+03
   6.2770000e+03
   4.6220000e+03
   3.7850000e+03
   2.9700000e+03
   2.3320000e+03
   2.1660000e+03
   2.1790000e+03
   2.0400000e+03
   2.2780000e+03
   3.8600000e+03
   5.5170000e+03
   9.5690000e+03
   1.2272000e+04
   1.6460000e+04
   1.6976000e+04
   1.7823000e+04
   1.7655000e+04
   1.6946000e+04
   1.5846000e+04
   1.5835000e+04
   1.5442000e+04
   1.6069000e+04
   1.5966000e+04
   1.5584000e+04
   1.5384000e+04
   1.5909000e+04
   1.6140000e+04
   1.6337000e+04
   1.6381000e+04
   1.5196000e+04
   1.3003000e+04
   1.2213000e+04
   1.5103000e+04
   1.8301000e+04
   2.0626000e+04
   2.2533000e+04
   2.2905000e+04
   2.2181000e+04
   2.1899000e+04
   2.1789000e+04
   2.2253000e+04
   2.2515000e+04
   2.1410000e+04
   1.9812000e+04
   1.7135000e+04
   1.3567000e+04
   1.0829000e+04
   7.8500000e+03
   6.5720000e+03
   4.7480000e+03
   3.7770000e+03
   3.2550000e+03
   2.4150000e+03
   2.2790000e+03
   2.3530000e+03
   2.1420000e+03
   2.5400000e+03
   4.1770000e+03
   6.8430000e+03
   1.1818000e+04
   1.5665000e+04
   1.9785000e+04
   1.9813000e+04
   1.9623000e+04
   1.8444000e+04
   1.7937000e+04
   1.6552000e+04
   1.7394000e+04
   1.6960000e+04
   1.8105000e+04
   1.7724000e+04
   1.6327000e+04
   1.6527000e+04
   1.7290000e+04
   1.8042000e+04
   1.8250000e+04
   1.7656000e+04
   1.6288000e+04
   1.3992000e+04
   1.2912000e+04
   1.6032000e+04
   1.8814000e+04
   2.1296000e+04
   2.3115000e+04
   2.3859000e+04
   2.4749000e+04
   2.3879000e+04
   2.3815000e+04
   2.4595000e+04
   2.4494000e+04
   2.4213000e+04
   2.2931000e+04
   2.0785000e+04
   1.7464000e+04
   1.3303000e+04
   1.0350000e+04
   7.8500000e+03
   5.9610000e+03
   5.0510000e+03
   3.8330000e+03
   3.0060000e+03
   2.5150000e+03
   2.8160000e+03
   2.2480000e+03
   2.6210000e+03
   4.3920000e+03
   7.0620000e+03
   1.2333000e+04
   1.5661000e+04
   1.9597000e+04
   2.0200000e+04
   1.9843000e+04
   1.9031000e+04
   1.8253000e+04
   1.7244000e+04
   1.7402000e+04
   1.7286000e+04
   1.8936000e+04
   1.8516000e+04
   1.7635000e+04
   1.7343000e+04
   1.9090000e+04
   1.9197000e+04
   1.9207000e+04
   1.8412000e+04
   1.6391000e+04
   1.3472000e+04
   1.2807000e+04
   1.6097000e+04
   1.9322000e+04
   2.1645000e+04
   2.2745000e+04
   2.4219000e+04
   2.5443000e+04
   2.5695000e+04
   2.5994000e+04
   2.6424000e+04
   2.5450000e+04
   2.4621000e+04
   2.3727000e+04
   2.2503000e+04
   2.0709000e+04
   1.7932000e+04
   1.4668000e+04
   1.1986000e+04
   9.2130000e+03
   7.2020000e+03
   5.5520000e+03
   5.0230000e+03
   3.9000000e+03
   4.0390000e+03
   2.9870000e+03
   3.0900000e+03
   4.7370000e+03
   7.1020000e+03
   1.2268000e+04
   1.5903000e+04
   2.0015000e+04
   2.0432000e+04
   2.0735000e+04
   1.9149000e+04
   1.8665000e+04
   1.7992000e+04
   1.7773000e+04
   1.7786000e+04
   1.8128000e+04
   1.8355000e+04
   1.7629000e+04
   1.7104000e+04
   1.8151000e+04
   1.8892000e+04
   1.9540000e+04
   1.8557000e+04
   1.6263000e+04
   1.4668000e+04
   1.3473000e+04
   1.6747000e+04
   2.0594000e+04
   2.3151000e+04
   2.5446000e+04
   2.7196000e+04
   2.6881000e+04
   2.5994000e+04
   2.5879000e+04
   2.6301000e+04
   2.7136000e+04
   2.6940000e+04
   2.6834000e+04
   2.6960000e+04
   2.6107000e+04
   2.5034000e+04
   2.4103000e+04
   2.2682000e+04
   2.0630000e+04
   1.9226000e+04
   1.6555000e+04
   1.4088000e+04
   1.2491000e+04
   1.0208000e+04
   5.8530000e+03
   4.0190000e+03
   3.4770000e+03
   3.5820000e+03
   4.9360000e+03
   5.2720000e+03
   7.4270000e+03
   8.6460000e+03
   1.2313000e+04
   1.3426000e+04
   1.7040000e+04
   1.6811000e+04
   1.9069000e+04
   1.9423000e+04
   2.1552000e+04
   2.1685000e+04
   2.2380000e+04
   2.1954000e+04
   2.1926000e+04
   2.1851000e+04
   2.2014000e+04
   2.2075000e+04
   2.0936000e+04
   1.8358000e+04
   1.5289000e+04
   1.7742000e+04
   2.1769000e+04
   2.4058000e+04
   2.6029000e+04
   2.7266000e+04
   2.6817000e+04
   2.5049000e+04
   2.3713000e+04
   2.3324000e+04
   2.3970000e+04
   2.6325000e+04
   2.6139000e+04
   2.7312000e+04
   2.8114000e+04
   2.6651000e+04
   2.5212000e+04
   2.4273000e+04
   2.2665000e+04
   2.1069000e+04
   1.8803000e+04
   1.6590000e+04
   1.4414000e+04
   1.2228000e+04
   7.2300000e+03
   4.6240000e+03
   3.5940000e+03
   3.3320000e+03
   4.0830000e+03
   4.4160000e+03
   5.2140000e+03
   6.4290000e+03
   8.8980000e+03
   1.0911000e+04
   1.3475000e+04
   1.5157000e+04
   1.8595000e+04
   1.9233000e+04
   2.0372000e+04
   2.1847000e+04
   2.1695000e+04
   2.1880000e+04
   2.1047000e+04
   2.1107000e+04
   2.0602000e+04
   1.9817000e+04
   1.9310000e+04
   1.8479000e+04
   1.6296000e+04
   1.7751000e+04
   1.9230000e+04
   1.9883000e+04
   1.9768000e+04
   1.8931000e+04
   1.7936000e+04
   1.6360000e+04
   1.6885000e+04
   1.6000000e+04
   1.4902000e+04
   1.3707000e+04
   1.3406000e+04
   1.2021000e+04
   1.1115000e+04
   8.3170000e+03
   5.8870000e+03
   4.4640000e+03
   3.4250000e+03
   2.9610000e+03
   2.3280000e+03
   2.0200000e+03
   1.7640000e+03
   2.1390000e+03
   2.2960000e+03
   2.9600000e+03
   5.1210000e+03
   7.8710000e+03
   1.1902000e+04
   1.4583000e+04
   1.7190000e+04
   1.8725000e+04
   1.8822000e+04
   1.7992000e+04
   1.7210000e+04
   1.5940000e+04
   1.7094000e+04
   1.5247000e+04
   1.6676000e+04
   1.6895000e+04
   1.7205000e+04
   1.7634000e+04
   1.8189000e+04
   1.9319000e+04
   1.8757000e+04
   1.7239000e+04
   1.4885000e+04
   1.3577000e+04
   1.3513000e+04
   1.5864000e+04
   1.8502000e+04
   2.0313000e+04
   2.0674000e+04
   2.1079000e+04
   2.1433000e+04
   2.0590000e+04
   1.9515000e+04
   2.0194000e+04
   1.9251000e+04
   1.8436000e+04
   1.6099000e+04
   1.4985000e+04
   1.1612000e+04
   9.8280000e+03
   7.5290000e+03
   6.1620000e+03
   4.2960000e+03
   3.0900000e+03
   2.3660000e+03
   2.0940000e+03
   1.8310000e+03
   1.9870000e+03
   1.9360000e+03
   2.3460000e+03
   4.3280000e+03
   6.9350000e+03
   1.2642000e+04
   1.6037000e+04
   2.0032000e+04
   2.0709000e+04
   2.0897000e+04
   2.0127000e+04
   1.9075000e+04
   1.7883000e+04
   1.7581000e+04
   1.6559000e+04
   1.7870000e+04
   1.8097000e+04
   1.7714000e+04
   1.7104000e+04
   1.7999000e+04
   1.9071000e+04
   1.9197000e+04
   1.9000000e+04
   1.7013000e+04
   1.4962000e+04
   1.3727000e+04
   1.6826000e+04
   2.0320000e+04
   2.3167000e+04
   2.3782000e+04
   2.4068000e+04
   2.4831000e+04
   2.5564000e+04
   2.5300000e+04
   2.5503000e+04
   2.4598000e+04
   2.4120000e+04
   2.2641000e+04
   1.9722000e+04
   1.5507000e+04
   1.2079000e+04
   8.5610000e+03
   6.6320000e+03
   4.8460000e+03
   3.9960000e+03
   3.3390000e+03
   2.5940000e+03
   2.3150000e+03
   2.4620000e+03
   2.0770000e+03
   2.4480000e+03
   4.6560000e+03
   7.0550000e+03
   1.2903000e+04
   1.6639000e+04
   2.0585000e+04
   2.1833000e+04
   2.1453000e+04
   2.0023000e+04
   1.8790000e+04
   1.8382000e+04
   1.7956000e+04
   1.7477000e+04
   1.8590000e+04
   1.8409000e+04
   1.8020000e+04
   1.6950000e+04
   1.7826000e+04
   1.8105000e+04
   1.8187000e+04
   1.8565000e+04
   1.6454000e+04
   1.4355000e+04
   1.3109000e+04
   1.5924000e+04
   1.9175000e+04
   2.1521000e+04
   2.2762000e+04
   2.3889000e+04
   2.4408000e+04
   2.4501000e+04
   2.4316000e+04
   2.4362000e+04
   2.4032000e+04
   2.3174000e+04
   2.2453000e+04
   2.0964000e+04
   1.8142000e+04
   1.4466000e+04
   1.0771000e+04
   8.1000000e+03
   5.9760000e+03
   5.0000000e+03
   3.7270000e+03
   2.9840000e+03
   2.5840000e+03
   2.5910000e+03
   2.2530000e+03
   2.4890000e+03
   4.4190000e+03
   7.0140000e+03
   1.2470000e+04
   1.6549000e+04
   1.9879000e+04
   2.0437000e+04
   1.9549000e+04
   1.8639000e+04
   1.8683000e+04
   1.8486000e+04
   1.8014000e+04
   1.6720000e+04
   1.8570000e+04
   1.8309000e+04
   1.7294000e+04
   1.6699000e+04
   1.7819000e+04
   1.8227000e+04
   1.8586000e+04
   1.8078000e+04
   1.5656000e+04
   1.2989000e+04
   1.1740000e+04
   1.4934000e+04
   1.8494000e+04
   2.1215000e+04
   2.3643000e+04
   2.4623000e+04
   2.4564000e+04
   2.5305000e+04
   2.5039000e+04
   2.5351000e+04
   2.4526000e+04
   2.4739000e+04
   2.3638000e+04
   2.1861000e+04
   2.1500000e+04
   1.9838000e+04
   1.6307000e+04
   1.2324000e+04
   1.0006000e+04
   8.0770000e+03
   6.3550000e+03
   5.0910000e+03
   4.2470000e+03
   4.4400000e+03
   3.0890000e+03
   2.9300000e+03
   4.7820000e+03
   7.2500000e+03
   1.2167000e+04
   1.5235000e+04
   2.0053000e+04
   2.0654000e+04
   2.1158000e+04
   1.9863000e+04
   1.8775000e+04
   1.8346000e+04
   1.8645000e+04
   1.7986000e+04
   1.9070000e+04
   1.8901000e+04
   1.7585000e+04
   1.7309000e+04
   1.8226000e+04
   1.8788000e+04
   1.9103000e+04
   1.8261000e+04
   1.5945000e+04
   1.4181000e+04
   1.2992000e+04
   1.5847000e+04
   1.9426000e+04
   2.2514000e+04
   2.4457000e+04
   2.6156000e+04
   2.6677000e+04
   2.6217000e+04
   2.6289000e+04
   2.6370000e+04
   2.6344000e+04
   2.6736000e+04
   2.7093000e+04
   2.7569000e+04
   2.7064000e+04
   2.6220000e+04
   2.4289000e+04
   2.2849000e+04
   2.0731000e+04
   1.9081000e+04
   1.6573000e+04
   1.4188000e+04
   1.2213000e+04
   1.0145000e+04
   5.9020000e+03
   3.9830000e+03
   3.5560000e+03
   3.6510000e+03
   5.1530000e+03
   5.3790000e+03
   7.1740000e+03
   9.0700000e+03
   1.2114000e+04
   1.3665000e+04
   1.7463000e+04
   1.7209000e+04
   2.0299000e+04
   2.0255000e+04
   2.2981000e+04
   2.3368000e+04
   2.3444000e+04
   2.2610000e+04
   2.2258000e+04
   2.1160000e+04
   2.2960000e+04
   2.3007000e+04
   2.1145000e+04
   1.8440000e+04
   1.6028000e+04
   1.9101000e+04
   2.2361000e+04
   2.4256000e+04
   2.6410000e+04
   2.7377000e+04
   2.6255000e+04
   2.3977000e+04
   2.3565000e+04
   2.2703000e+04
   2.3078000e+04
   2.5755000e+04
   2.7028000e+04
   2.8126000e+04
   2.8472000e+04
   2.7424000e+04
   2.5493000e+04
   2.4876000e+04
   2.2639000e+04
   2.1013000e+04
   1.9100000e+04
   1.6662000e+04
   1.4489000e+04
   1.2023000e+04
   7.0690000e+03
   4.4530000e+03
   3.4830000e+03
   3.4790000e+03
   3.9680000e+03
   4.0920000e+03
   5.8770000e+03
   6.8450000e+03
   8.2830000e+03
   1.0231000e+04
   1.3189000e+04
   1.4458000e+04
   1.7284000e+04
   1.7800000e+04
   1.9509000e+04
   2.0547000e+04
   2.0211000e+04
   2.0041000e+04
   1.9619000e+04
   1.9947000e+04
   1.9844000e+04
   1.9088000e+04
   1.9237000e+04
   1.8316000e+04
   1.6996000e+04
   1.8134000e+04
   1.9633000e+04
   2.0204000e+04
   1.9810000e+04
   1.7925000e+04
   1.6938000e+04
   1.5096000e+04
   1.5539000e+04
   1.4806000e+04
   1.5035000e+04
   1.3285000e+04
   1.2090000e+04
   1.0552000e+04
   9.1360000e+03
   8.1060000e+03
   7.0200000e+03
   5.5620000e+03
   3.9170000e+03
   3.5920000e+03
   2.6370000e+03
   2.0310000e+03
   1.9000000e+03
   2.1720000e+03
   2.0080000e+03
   2.5460000e+03
   4.4090000e+03
   7.2690000e+03
   1.1863000e+04
   1.4244000e+04
   1.7238000e+04
   1.8382000e+04
   1.7940000e+04
   1.7447000e+04
   1.6773000e+04
   1.5319000e+04
   1.5867000e+04
   1.5751000e+04
   1.7462000e+04
   1.6292000e+04
   1.6317000e+04
   1.6104000e+04
   1.6967000e+04
   1.7035000e+04
   1.7976000e+04
   1.8230000e+04
   1.6521000e+04
   1.4887000e+04
   1.3707000e+04
   1.6596000e+04
   1.8683000e+04
   2.0289000e+04
   2.1377000e+04
   2.1962000e+04
   2.1126000e+04
   2.0531000e+04
   1.9217000e+04
   1.9353000e+04
   1.9109000e+04
   1.8814000e+04
   1.7036000e+04
   1.4147000e+04
   1.1595000e+04
   1.0091000e+04
   7.5750000e+03
   5.9770000e+03
   4.7050000e+03
   3.7960000e+03
   2.8940000e+03
   2.4710000e+03
   2.1150000e+03
   2.4740000e+03
   2.2850000e+03
   2.5380000e+03
   4.3800000e+03
   6.5370000e+03
   1.1238000e+04
   1.4764000e+04
   1.8187000e+04
   1.8885000e+04
   1.9188000e+04
   1.8398000e+04
   1.8057000e+04
   1.6899000e+04
   1.7137000e+04
   1.6203000e+04
   1.7742000e+04
   1.7843000e+04
   1.7866000e+04
   1.7548000e+04
   1.8306000e+04
   1.8577000e+04
   1.8506000e+04
   1.8691000e+04
   1.5729000e+04
   1.3396000e+04
   1.1923000e+04
   1.4463000e+04
   1.7026000e+04
   1.9078000e+04
   2.0439000e+04
   2.0776000e+04
   2.0941000e+04
   2.0209000e+04
   1.9987000e+04
   1.9952000e+04
   1.9234000e+04
   1.8455000e+04
   1.8097000e+04
   1.7461000e+04
   1.6002000e+04
   1.3400000e+04
   1.0978000e+04
   8.6130000e+03
   6.4460000e+03
   5.2050000e+03
   4.1180000e+03
   3.5100000e+03
   3.2490000e+03
   3.6980000e+03
   3.5840000e+03
   3.6220000e+03
   4.9870000e+03
   7.2130000e+03
   1.0827000e+04
   1.4141000e+04
   1.6965000e+04
   1.9391000e+04
   1.9557000e+04
   1.9067000e+04
   1.8807000e+04
   1.8232000e+04
   1.8999000e+04
   1.8896000e+04
   1.9764000e+04
   2.0227000e+04
   1.9602000e+04
   2.0456000e+04
   1.9580000e+04
   1.9156000e+04
   1.9572000e+04
   1.8925000e+04
   1.7545000e+04
   1.5465000e+04
   1.4104000e+04
   1.6996000e+04
   2.0113000e+04
   2.1015000e+04
   2.1580000e+04
   2.2501000e+04
   2.1159000e+04
   1.8991000e+04
   1.8046000e+04
   1.8300000e+04
   1.8538000e+04
   1.7170000e+04
   1.7081000e+04
   1.5613000e+04
   1.3718000e+04
   1.3522000e+04
   1.1323000e+04
   1.0315000e+04
   8.8700000e+03
   8.1500000e+03
   7.2090000e+03
   6.0180000e+03
   5.8190000e+03
   5.2910000e+03
   4.1270000e+03
   3.5400000e+03
   3.7150000e+03
   4.6130000e+03
   5.5000000e+03
   5.9550000e+03
   6.5120000e+03
   7.0760000e+03
   7.8130000e+03
   8.3650000e+03
   9.0130000e+03
   9.6950000e+03
   1.1389000e+04
   1.2701000e+04
   1.3400000e+04
   1.3282000e+04
   1.3542000e+04
   1.3538000e+04
   1.3663000e+04
   1.3980000e+04
   1.4673000e+04
   1.4614000e+04
   1.5255000e+04
   1.3560000e+04
   1.3120000e+04
   1.3273000e+04
   1.3334000e+04
   1.2930000e+04
   1.3683000e+04
   1.3682000e+04
   1.4106000e+04
   1.4088000e+04
   1.4417000e+04
   1.5187000e+04
   1.5280000e+04
   1.5654000e+04
   1.3989000e+04
   1.2592000e+04
   1.1811000e+04
   9.6530000e+03
   7.7910000e+03
   6.8620000e+03
   5.6440000e+03
   4.6390000e+03
   3.6730000e+03
   2.9450000e+03
   2.8750000e+03
   2.8830000e+03
   2.1650000e+03
   1.9020000e+03
   2.2260000e+03
   2.8700000e+03
   4.3130000e+03
   4.9360000e+03
   6.2400000e+03
   7.3760000e+03
   8.8500000e+03
   9.8640000e+03
   1.0863000e+04
   1.1900000e+04
   1.2969000e+04
   1.4045000e+04
   1.5281000e+04
   1.6153000e+04
   1.7025000e+04
   1.7596000e+04
   1.8437000e+04
   1.7777000e+04
   1.8774000e+04
   1.8868000e+04
   1.9046000e+04
   1.7706000e+04
   1.6591000e+04
   1.8951000e+04
   2.0519000e+04
   2.0626000e+04
   2.1227000e+04
   2.2716000e+04
   2.1044000e+04
   1.8862000e+04
   1.8821000e+04
   1.8485000e+04
   1.8416000e+04
   1.9806000e+04
   1.9671000e+04
   1.9234000e+04
   1.7725000e+04
   1.6089000e+04
   1.4561000e+04
   1.3292000e+04
   1.2000000e+04
   1.0967000e+04
   9.7470000e+03
   8.5560000e+03
   8.3420000e+03
   7.1780000e+03
   4.4410000e+03
   2.7470000e+03
   2.4890000e+03
   2.2830000e+03
   3.1090000e+03
   3.3800000e+03
   4.6280000e+03
   5.2910000e+03
   7.4050000e+03
   9.0440000e+03
   1.1193000e+04
   1.2541000e+04
   1.5281000e+04
   1.5551000e+04
   1.7665000e+04
   1.8499000e+04
   1.8680000e+04
   1.9621000e+04
   1.9830000e+04
   1.9187000e+04
   1.9999000e+04
   1.9722000e+04
   2.0600000e+04
   1.9125000e+04
   1.6658000e+04
   1.8684000e+04
   2.0891000e+04
   2.1554000e+04
   2.2678000e+04
   2.4055000e+04
   2.3418000e+04
   2.0196000e+04
   1.9676000e+04
   1.9566000e+04
   1.9272000e+04
   2.0686000e+04
   2.1659000e+04
   2.1154000e+04
   2.1170000e+04
   2.0149000e+04
   1.8555000e+04
   1.7768000e+04
   1.5608000e+04
   1.4966000e+04
   1.3074000e+04
   1.1332000e+04
   9.9650000e+03
   9.1670000e+03
   5.5200000e+03
   3.8120000e+03
   3.1230000e+03
   3.1030000e+03
   3.7770000e+03
   3.6990000e+03
   4.9680000e+03
   5.6300000e+03
   7.4220000e+03
   9.1230000e+03
   1.0981000e+04
   1.2227000e+04
   1.5247000e+04
   1.4970000e+04
   1.6912000e+04
   1.7420000e+04
   1.8336000e+04
   1.8091000e+04
   1.7841000e+04
   1.8946000e+04
   1.9156000e+04
   1.8159000e+04
   1.7805000e+04
   1.6838000e+04
   1.5906000e+04
   1.6917000e+04
   1.7670000e+04
   1.7941000e+04
   1.8093000e+04
   1.7587000e+04
   1.6867000e+04
   1.5693000e+04
   1.5342000e+04
   1.3821000e+04
   1.4083000e+04
   1.3714000e+04
   1.2119000e+04
   9.9040000e+03
   8.9700000e+03
   7.7060000e+03
   5.4940000e+03
   4.2490000e+03
   2.8910000e+03
   2.6320000e+03
   2.1920000e+03
   1.6480000e+03
   1.6390000e+03
   1.9130000e+03
   2.1420000e+03
   2.9090000e+03
   4.5870000e+03
   7.2350000e+03
   1.1448000e+04
   1.4106000e+04
   1.7184000e+04
   1.8306000e+04
   1.8746000e+04
   1.7914000e+04
   1.6699000e+04
   1.5681000e+04
   1.5210000e+04
   1.4532000e+04
   1.5985000e+04
   1.6226000e+04
   1.6000000e+04
   1.5641000e+04
   1.6373000e+04
   1.6830000e+04
   1.7470000e+04
   1.8131000e+04
   1.6870000e+04
   1.5192000e+04
   1.4453000e+04
   1.7382000e+04
   1.9815000e+04
   2.1750000e+04
   2.2217000e+04
   2.1813000e+04
   2.1536000e+04
   2.2541000e+04
   2.1329000e+04
   2.0165000e+04
   1.9498000e+04
   1.9355000e+04
   1.6691000e+04
   1.4387000e+04
   1.2101000e+04
   9.8050000e+03
   7.1210000e+03
   5.0190000e+03
   3.8220000e+03
   3.2680000e+03
   2.2610000e+03
   1.8530000e+03
   1.7220000e+03
   2.0770000e+03
   1.9880000e+03
   2.2960000e+03
   4.5370000e+03
   6.6610000e+03
   1.1901000e+04
   1.5501000e+04
   1.9573000e+04
   2.0896000e+04
   2.1051000e+04
   1.9670000e+04
   1.8654000e+04
   1.7108000e+04
   1.7553000e+04
   1.6232000e+04
   1.7534000e+04
   1.7697000e+04
   1.9165000e+04
   1.8916000e+04
   1.9543000e+04
   1.8570000e+04
   1.9043000e+04
   1.8343000e+04
   1.6666000e+04
   1.4050000e+04
   1.2845000e+04
   1.6111000e+04
   1.9112000e+04
   2.1205000e+04
   2.2337000e+04
   2.3340000e+04
   2.3082000e+04
   2.3718000e+04
   2.2936000e+04
   2.3466000e+04
   2.3387000e+04
   2.2893000e+04
   2.0923000e+04
   1.8684000e+04
   1.4962000e+04
   1.2558000e+04
   8.8760000e+03
   6.6260000e+03
   4.9260000e+03
   4.0460000e+03
   3.1680000e+03
   2.6920000e+03
   2.2370000e+03
   2.3840000e+03
   2.1090000e+03
   2.4030000e+03
   4.2500000e+03
   6.5290000e+03
   1.2185000e+04
   1.6016000e+04
   1.9504000e+04
   2.0925000e+04
   2.0891000e+04
   2.0047000e+04
   1.9138000e+04
   1.8431000e+04
   1.6960000e+04
   1.6426000e+04
   1.8092000e+04
   1.9190000e+04
   1.8957000e+04
   1.8288000e+04
   1.8843000e+04
   1.9003000e+04
   1.8193000e+04
   1.7260000e+04
   1.5103000e+04
   1.2941000e+04
   1.1797000e+04
   1.5545000e+04
   1.7938000e+04
   2.0693000e+04
   2.1585000e+04
   2.1689000e+04
   2.1995000e+04
   2.2096000e+04
   2.2115000e+04
   2.1860000e+04
   2.2041000e+04
   2.1680000e+04
   2.1378000e+04
   2.0295000e+04
   1.8176000e+04
   1.4846000e+04
   1.1480000e+04
   8.9390000e+03
   6.6790000e+03
   5.1750000e+03
   3.8000000e+03
   3.1350000e+03
   2.6710000e+03
   2.8430000e+03
   2.4760000e+03
   2.6700000e+03
   4.5210000e+03
   6.8410000e+03
   1.2178000e+04
   1.5916000e+04
   1.9872000e+04
   2.0957000e+04
   2.0358000e+04
   1.9717000e+04
   1.8943000e+04
   1.8082000e+04
   1.8560000e+04
   1.7316000e+04
   1.8817000e+04
   1.8439000e+04
   1.7771000e+04
   1.7214000e+04
   1.7836000e+04
   1.8676000e+04
   1.9241000e+04
   1.9068000e+04
   1.6567000e+04
   1.4529000e+04
   1.2862000e+04
   1.6086000e+04
   1.9221000e+04
   2.1408000e+04
   2.3385000e+04
   2.3604000e+04
   2.3384000e+04
   2.3209000e+04
   2.2592000e+04
   2.3164000e+04
   2.3638000e+04
   2.3192000e+04
   2.2417000e+04
   2.2630000e+04
   2.1278000e+04
   1.9300000e+04
   1.6241000e+04
   1.2966000e+04
   1.0322000e+04
   8.1600000e+03
   6.6110000e+03
   5.4100000e+03
   4.4530000e+03
   4.2870000e+03
   3.2500000e+03
   3.3960000e+03
   4.8460000e+03
   7.0900000e+03
   1.1832000e+04
   1.5506000e+04
   2.0211000e+04
   2.1053000e+04
   2.0635000e+04
   2.0128000e+04
   1.8838000e+04
   1.7936000e+04
   1.8210000e+04
   1.7653000e+04
   1.8847000e+04
   1.8814000e+04
   1.7478000e+04
   1.8029000e+04
   1.8953000e+04
   1.9684000e+04
   1.9747000e+04
   1.8464000e+04
   1.6396000e+04
   1.4436000e+04
   1.3461000e+04
   1.7047000e+04
   2.0614000e+04
   2.3322000e+04
   2.5791000e+04
   2.6650000e+04
   2.6971000e+04
   2.6688000e+04
   2.5508000e+04
   2.6284000e+04
   2.6978000e+04
   2.6983000e+04
   2.5438000e+04
   2.4914000e+04
   2.4165000e+04
   2.2925000e+04
   2.2187000e+04
   2.1493000e+04
   1.9021000e+04
   1.8009000e+04
   1.5786000e+04
   1.3114000e+04
   1.0541000e+04
   9.2960000e+03
   5.3880000e+03
   3.5780000e+03
   3.2050000e+03
   3.4270000e+03
   4.6660000e+03
   5.2620000e+03
   7.8410000e+03
   8.7860000e+03
   1.1893000e+04
   1.2849000e+04
   1.6411000e+04
   1.6917000e+04
   1.9706000e+04
   2.2924000e+04
   2.6224000e+04
   2.5548000e+04
   2.4376000e+04
   2.4464000e+04
   2.3825000e+04
   2.4235000e+04
   2.4001000e+04
   2.3877000e+04
   2.1761000e+04
   1.8277000e+04
   1.5670000e+04
   1.8411000e+04
   2.1332000e+04
   2.3306000e+04
   2.4856000e+04
   2.5798000e+04
   2.5274000e+04
   2.5158000e+04
   2.4164000e+04
   2.3771000e+04
   2.4363000e+04
   2.5705000e+04
   2.6429000e+04
   2.7272000e+04
   2.7636000e+04
   2.6695000e+04
   2.5626000e+04
   2.4285000e+04
   2.2249000e+04
   2.0741000e+04
   1.8554000e+04
   1.5770000e+04
   1.3976000e+04
   1.1368000e+04
   6.5310000e+03
   3.9290000e+03
   3.2360000e+03
   3.1770000e+03
   3.7570000e+03
   4.0420000e+03
   5.4010000e+03
   6.4830000e+03
   9.2640000e+03
   1.1497000e+04
   1.4585000e+04
   1.6159000e+04
   2.0205000e+04
   2.1146000e+04
   2.2387000e+04
   2.3081000e+04
   2.3163000e+04
   2.2660000e+04
   2.2127000e+04
   2.2237000e+04
   2.2193000e+04
   2.1252000e+04
   2.0818000e+04
   1.9110000e+04
   1.7255000e+04
   1.8368000e+04
   2.0327000e+04
   2.1411000e+04
   2.1379000e+04
   2.1735000e+04
   2.0031000e+04
   1.8305000e+04
   1.7961000e+04
   1.7334000e+04
   1.7401000e+04
   1.7020000e+04
   1.4661000e+04
   1.2367000e+04
   1.0891000e+04
   8.1410000e+03
   6.4110000e+03
   4.7620000e+03
   3.6160000e+03
   3.1300000e+03
   2.2730000e+03
   2.0310000e+03
   1.7880000e+03
   2.2030000e+03
   2.2700000e+03
   2.7270000e+03
   4.6860000e+03
   6.8270000e+03
   1.1984000e+04
   1.4644000e+04
   1.8338000e+04
   1.9590000e+04
   1.9762000e+04
   1.9372000e+04
   1.8754000e+04
   1.7736000e+04
   1.7624000e+04
   1.6856000e+04
   1.8005000e+04
   1.8028000e+04
   1.7733000e+04
   1.7678000e+04
   1.8275000e+04
   1.8070000e+04
   1.9038000e+04
   1.8998000e+04
   1.6932000e+04
   1.5201000e+04
   1.4426000e+04
   1.6942000e+04
   1.9768000e+04
   2.1911000e+04
   2.2917000e+04
   2.3371000e+04
   2.3343000e+04
   2.2358000e+04
   2.2302000e+04
   2.2712000e+04
   2.2329000e+04
   2.1979000e+04
   1.9387000e+04
   1.7494000e+04
   1.3745000e+04
   1.1339000e+04
   8.6990000e+03
   6.7960000e+03
   5.2360000e+03
   3.8000000e+03
   3.0420000e+03
   2.5320000e+03
   2.2580000e+03
   2.2120000e+03
   2.1350000e+03
   2.5920000e+03
   4.6170000e+03
   8.0060000e+03
   1.3619000e+04
   1.6700000e+04
   1.9651000e+04
   2.0630000e+04
   2.1217000e+04
   1.9857000e+04
   1.8753000e+04
   1.7813000e+04
   1.7833000e+04
   1.7164000e+04
   1.8181000e+04
   1.7482000e+04
   1.5676000e+04
   1.6018000e+04
   1.7066000e+04
   1.7654000e+04
   1.7696000e+04
   1.6781000e+04
   1.4189000e+04
   1.2461000e+04
   1.2252000e+04
   1.5431000e+04
   1.8137000e+04
   2.0649000e+04
   2.1989000e+04
   2.2350000e+04
   2.2177000e+04
   2.2991000e+04
   2.2128000e+04
   2.3207000e+04
   2.3091000e+04
   2.2616000e+04
   2.1118000e+04
   1.9301000e+04
   1.6789000e+04
   1.4252000e+04
   1.0138000e+04
   7.8470000e+03
   5.7820000e+03
   4.9510000e+03
   3.6960000e+03
   2.8330000e+03
   2.3750000e+03
   2.5330000e+03
   2.4230000e+03
   2.5120000e+03
   4.3370000e+03
   6.7210000e+03
   1.1812000e+04
   1.6054000e+04
   1.9337000e+04
   2.1348000e+04
   2.1167000e+04
   2.0051000e+04
   1.8809000e+04
   1.7812000e+04
   1.7889000e+04
   1.7482000e+04
   1.8775000e+04
   1.8351000e+04
   1.7604000e+04
   1.7729000e+04
   1.7499000e+04
   1.7558000e+04
   1.8070000e+04
   1.7422000e+04
   1.4666000e+04
   1.2252000e+04
   1.1174000e+04
   1.3853000e+04
   1.6962000e+04
   1.9708000e+04
   2.0764000e+04
   2.1802000e+04
   2.2239000e+04
   2.2169000e+04
   2.3923000e+04
   2.4403000e+04
   2.4211000e+04
   2.3439000e+04
   2.3394000e+04
   2.1701000e+04
   1.9727000e+04
   1.7270000e+04
   1.3379000e+04
   1.0314000e+04
   7.4700000e+03
   6.0390000e+03
   4.3220000e+03
   3.4610000e+03
   2.8720000e+03
   2.8540000e+03
   2.4220000e+03
   2.5780000e+03
   4.5130000e+03
   6.6720000e+03
   1.2358000e+04
   1.5790000e+04
   1.9441000e+04
   2.0920000e+04
   2.0665000e+04
   1.9708000e+04
   2.0066000e+04
   1.8424000e+04
   1.8403000e+04
   1.7621000e+04
   1.8994000e+04
   1.8845000e+04
   1.7937000e+04
   1.7974000e+04
   1.8671000e+04
   1.9082000e+04
   2.0224000e+04
   1.8966000e+04
   1.6165000e+04
   1.4013000e+04
   1.2246000e+04
   1.5021000e+04
   1.8834000e+04
   2.1115000e+04
   2.2746000e+04
   2.3679000e+04
   2.3992000e+04
   2.3597000e+04
   2.3581000e+04
   2.4093000e+04
   2.4130000e+04
   2.4027000e+04
   2.3575000e+04
   2.2502000e+04
   2.2049000e+04
   2.0667000e+04
   1.9265000e+04
   1.6192000e+04
   1.2814000e+04
   1.0410000e+04
   8.2180000e+03
   6.3350000e+03
   5.3770000e+03
   4.6590000e+03
   3.5970000e+03
   3.2080000e+03
   4.6980000e+03
   6.9000000e+03
   1.2308000e+04
   1.5444000e+04
   1.9511000e+04
   2.0489000e+04
   2.0834000e+04
   1.9854000e+04
   1.8687000e+04
   1.8014000e+04
   1.8564000e+04
   1.8237000e+04
   1.8916000e+04
   1.8244000e+04
   1.6850000e+04
   1.7845000e+04
   1.8162000e+04
   1.9043000e+04
   1.9128000e+04
   1.8287000e+04
   1.5667000e+04
   1.3938000e+04
   1.2626000e+04
   1.5807000e+04
   1.9375000e+04
   2.1905000e+04
   2.4008000e+04
   2.5410000e+04
   2.5568000e+04
   2.4888000e+04
   2.5190000e+04
   2.5350000e+04
   2.5927000e+04
   2.6737000e+04
   2.6771000e+04
   2.6180000e+04
   2.5739000e+04
   2.4743000e+04
   2.4285000e+04
   2.2826000e+04
   2.1266000e+04
   1.9907000e+04
   1.7053000e+04
   1.4423000e+04
   1.2363000e+04
   1.0600000e+04
   6.5010000e+03
   4.2110000e+03
   3.4250000e+03
   3.4750000e+03
   5.1320000e+03
   4.9860000e+03
   7.7160000e+03
   8.8730000e+03
   1.2361000e+04
   1.3217000e+04
   1.7706000e+04
   1.9199000e+04
   2.1605000e+04
   2.2106000e+04
   2.3452000e+04
   2.4095000e+04
   2.4114000e+04
   2.4368000e+04
   2.3648000e+04
   2.2929000e+04
   2.2531000e+04
   2.1489000e+04
   1.9081000e+04
   1.5734000e+04
   1.3140000e+04
   1.5041000e+04
   1.7961000e+04
   2.0757000e+04
   2.2233000e+04
   2.3550000e+04
   2.4311000e+04
   2.4320000e+04
   2.3465000e+04
   2.4125000e+04
   2.4696000e+04
   2.4848000e+04
   2.5952000e+04
   2.6481000e+04
   2.6376000e+04
   2.6065000e+04
   2.5745000e+04
   2.4053000e+04
   2.2288000e+04
   2.1263000e+04
   1.8637000e+04
   1.6106000e+04
   1.3609000e+04
   1.1786000e+04
   6.9780000e+03
   4.4680000e+03
   3.7280000e+03
   3.6110000e+03
   3.9090000e+03
   4.1390000e+03
   5.5830000e+03
   6.8310000e+03
   8.9290000e+03
   1.0358000e+04
   1.4261000e+04
   1.6254000e+04
   1.9993000e+04
   2.0203000e+04
   2.1630000e+04
   2.2210000e+04
   2.2458000e+04
   2.1793000e+04
   2.1177000e+04
   2.0831000e+04
   2.0577000e+04
   2.0293000e+04
   1.8839000e+04
   1.7406000e+04
   1.5292000e+04
   1.6443000e+04
   1.7727000e+04
   1.8988000e+04
   1.9533000e+04
   1.9548000e+04
   1.8055000e+04
   1.7006000e+04
   1.6671000e+04
   1.6007000e+04
   1.6344000e+04
   1.5913000e+04
   1.4327000e+04
   1.2060000e+04
   1.0952000e+04
